404040
505050
999999
7f7f7f
6a6a6a
6a6a6a
6a6a6a
6a6a6a
6a6a6a
6a6a6a
6a6a6a
6a6a6a
7f7f7f
999999
505050
404040
505050
6a6a6a
7f7f7f
696969
505050
505050
505050
505050
505050
505050
505050
505050
696969
7f7f7f
6a6a6a
505050
505050
7d7d7d
2a2a2a
000000
000000
000000
000000
000000
000000
000000
000000
000000
000000
2a2a2a
7d7d7d
505050
6a6a6a
505050
000000
000000
000000
000000
000000
000000
000000
000000
000000
000000
000000
000000
505050
696969
6a6a6a
404040
000000
000000
000000
000000
000000
000000
000000
000000
000000
000000
000000
000000
404040
6a6a6a
6a6a6a
404040
000000
000000
000000
000000
000000
000000
000000
000000
000000
000000
000000
000000
404040
6a6a6a
6a6a6a
404040
000000
000000
000000
000000
000000
000000
000000
000000
000000
000000
000000
000000
404040
6a6a6a
6a6a6a
404040
000000
000000
000000
000000
000000
000000
000000
000000
000000
000000
000000
000000
404040
6a6a6a
6a6a6a
404040
000000
000000
000000
000000
000000
000000
000000
000000
000000
000000
000000
000000
404040
6a6a6a
6a6a6a
404040
000000
000000
000000
000000
000000
000000
000000
000000
000000
000000
000000
000000
404040
6a6a6a
6a6a6a
404040
000000
000000
000000
000000
000000
000000
000000
000000
000000
000000
000000
000000
404040
6a6a6a
6a6a6a
404040
000000
000000
000000
000000
000000
000000
000000
000000
000000
000000
000000
000000
404040
6a6a6a
6a6a6a
505050
000000
000000
000000
000000
000000
000000
000000
000000
000000
000000
000000
000000
505050
6a6a6a
505050
7d7d7d
000000
000000
000000
000000
000000
000000
000000
000000
000000
000000
000000
000000
7d7d7d
505050
2a2a2a
505050
6a6a6a
505050
505050
505050
505050
505050
505050
505050
505050
505050
505050
696969
505050
2a2a2a
404040
505050
9b9b9b
9b9b9b
999999
999999
999999
999999
999999
999999
999999
999999
999999
9b9b9b
505050
404040
